3.586206897
2.958333333
4.964285714
4.413793103
4.666666667
4.555555556
3.615384615
3.178571429
4.137931034
4.56
3.964285714
4.607142857
4.206896552
4.535714286
3.84
4.8
3.454545455
2.4
3.68
2.678571429
3.6
3.074074074
2.375
2.846153846
2.541666667
3.076923077
2.461538462
2.64
3.862068966
3.517241379
4.454545455
2.034482759
2.692307692
4.62962963
2.111111111
4.103448276
4.730769231
3.518518519
2.888888889
4.666666667
5.12
3
3.724137931
2.689655172
4.37037037
3.28
3.103448276
5.310344828
4.821428571
3.692307692
4.08
4.75
2.75
2.851851852
4.481481481
3.678571429
3.615384615
3.947368421
4.192307692
2.565217391
2.666666667
2.666666667
3.884615385
3.730769231
3.16
2.92
4.576923077
3.206896552
3.607142857
3.961538462
2.407407407
3.846153846
4.074074074
3.384615385
3.307692308
3.12
3.04
3.086956522
3.5
3.8
4.346153846
4.555555556
3.517241379
3.214285714
2.615384615
2.958333333
3.142857143
4.481481481
4.461538462
4.769230769
3.538461538
3.892857143
3.269230769
2.607142857
3.5
5.24137931
3.444444444
3.074074074
3.148148148
2.346153846
3.541666667
4.269230769
2.5
4.28
2.777777778
3.333333333
2.185185185
3
4.172413793
2.333333333
3.892857143
2.08
2.793103448
2.434782609
5.47826087
4.111111111
2.961538462
4.576923077
2.846153846
4.8
2.333333333
2.206896552
2.88
4.75
4.36
3.818181818
3.428571429
3.535714286
3.25
2
2.535714286
1.72
3.217391304
3.785714286
3.357142857
2.038461538
2.517241379
3.272727273
2.964285714
3.346153846
3
4.034482759
3.16
3.037037037
3.357142857
2.72
2.846153846
2.407407407
4.12
2.6
3.111111111
3.5
3.153846154
2.259259259
2.269230769
3.740740741
2.148148148